7020
7020
7020
7020
7020
7020
7020
7000
7000
7920
7920
6700
8400
7920
8400
5500
5500
5500
5500
5500
5500
5500
5500
5525
6150
6900
5500
7600
6400
6400
6400
6400
6400
6400
8500
8800
6600
5500
5500
5500
8400
8400
7020
7020
7020
7900
5500
8400
6900
8000
8200
8200
5500
5500
5500
5500
6770
8300
8800
8800
8800
8600
8800
5500
6238
8500
8000
8000
8800
8400
8400
7300
7986
7920
7920
7920
7920
7020
7315
5500
7020
8250
6250
5400
5400
7700
7200
8200
8200
8000
8000
8000
8000
7920
7920
7920
7200
7200
7200
7200
5200
7850
8700
5500
8350
8750
8750
8750
8450
8450
6400
8500
6900
8800
8300
8300
8750
8750
8700
8600
7920
8600
8600
8300
8790
6600
7400
7400
7400
5400
8400
8400
8700
8700
7920
7920
8790
7800
7920
7920
7920
7920
7920
8790
7920
7920
7920
7920
7920
8500
7800
7010
7800
8250
5900
7900
5500
6000
8500
8500
8500
8600
8600
8600
8700
4600
5800
8600
8700
8000
8200
5500
5900
5900
5900
7920
8600
8600
8700
8200
7800
8700
7200
8650
8300
7920
7920
7500
7500
8000
5500
8700
7800
8600
7010
5400
8400
8400
5500
5500
5400
5400
6100
8300
8790
8400
8400
8300
8300
4000
6400
7010
6500
6810
5600
8300
7500
7920
7220
5400
5500
5500
5500
5500
5500
5500
5500
5500
5500
5500
5500
5500
5500
5500
5500
5500
5400
5400
5400
5400
5400
5400
5400
5400
5400
5400
5400
5400
5400
5400
5400
5400
5400
5400
5400
5400
8500
7920
7220
7010
8400
8400